90457.4
89209.8
90800.5
84721.6
95587.6
102311.1
110103.6
111646.1
107193.5
110671.5
122387.1
109652.8
115699.2
115924.9
110194.4
108818.1
115433.3
117413.4
116471.6
112547.7
117917.6
117848.4
117419.5
108204.7
107304.4
102113.2
105421.5
105564.2
104598.0
107763.0
103112.6
104798.0
95885.8
94631.4
85068.1
85292.7
83552.1
82645.7
83840.5
84341.3
86221.9
86071.6
96556.1
97573.4
96447.9
100648.0
104742.9
94536.1
94612.0
98219.9
95284.5
97253.3
101417.7
99837.0
96405.7
97699.0
90539.1
76700.3
69325.8
67086.8
68372.0
63205.1
62061.4
65866.5
63348.1
59995.4
54156.5
58978.6
64159.3
59483.1
60931.7
60696.7
67843.1
67148.5
59209.8
58259.2
60973.4
64261.0
66223.0
69310.1
67760.8
69284.4
66917.5
60826.6
63888.3
63456.8
64961.1
63849.9
68890.6
69611.5
64037.8
65314.2
68366.5
61994.5
51571.6
51646.0
47758.2
43005.7
42120.9
41695.4
42851.3
43967.9
42136.7
43710.4
42271.7
43718.4
39458.4
37787.0
36568.6
37150.5
35065.8
34082.6
29912.9
26852.8
27961.1
26962.7
26579.2
26562.0
25901.1
25869.7
26017.1
26099.4
29428.2
29068.1
29353.5
29788.9
30291.4
30288.8
30586.8
30533.6
26515.0
25844.0
27072.0
26857.5
27116.2
26777.5
28857.1
29234.1
27813.9
30299.6
27941.2
28456.1
27475.6
26914.1
20467.5
22347.1
23166.1
24631.4
21859.8
23323.8
23027.9
22775.7
20958.2
16943.6
16537.4
16837.2
16777.1
17127.2
16884.5
16456.5
16699.2
16795.2
21301.6
20809.8
19204.8
19068.7
19415.0
19311.9
18925.2
20113.5
21650.4
19831.4
20033.9
21138.9
24442.5
22944.2
23634.2
22460.4
21209.9
21587.5
19243.2
21489.9
18986.5
28403.4
29864.3
29027.1
29434.6
30080.4
35468.0
37650.0
39418.0
40382.0
42767.0
45811.0
44548.0
42233.0
38814.3
39395.8
39115.5
40090.3
42205.2
41412.1
38170.8
35075.2
43097.0
41672.0
47738.0
50406.4
46856.2
49314.5
49195.2
54765.9
59717.6
64398.6
61483.9
61840.1
61312.5
60861.1
54942.5
47666.9
42686.8
48306.7
45161.9
49918.4
48897.1
48875.8
47081.5
44614.2
41553.7
33824.8
31518.6
33510.6
34742.8
32243.4
35513.4
35467.5
35520.0
34584.6
37448.3
46708.8
58840.1
57807.1
50088.9
60041.9
59748.4
57059.9
55862.9
58093.4
61195.3
48855.6
46136.7
55923.7
47168.7
39256.6
34283.1
32088.9
36019.5
40151.9
32193.3
26454.4
23844.0
