896.1
890.4
872.7
833.6
932.1
990.8
1094.8
1116.4
1092.3
1134.8
1150.7
968.6
1043.9
933.8
860.9
861.9
880.6
838.6
798.7
736.7
793.0
733.0
685.7
656.0
648.4
629.0
645.5
650.7
657.9
667.9
639.3
663.9
599.2
607.4
591.6
597.3
593.6
602.8
627.1
619.8
593.3
607.9
668.5
662.4
612.3
653.5
686.3
709.9
696.7
713.5
722.3
663.1
715.9
749.5
653.7
650.8
622.5
624.5
568.4
583.5
597.7
576.6
563.4
601.1
588.5
553.4
493.5
532.9
580.4
541.7
523.1
529.4
581.2
593.1
532.3
527.0
570.4
591.0
608.2
682.7
601.8
602.4
580.3
592.2
585.6
596.2
570.8
552.6
585.7
600.8
552.1
576.5
488.3
410.9
381.7
352.9
323.1
299.6
305.7
317.3
302.1
307.3
316.6
270.8
244.4
237.5
229.1
234.5
244.8
251.6
237.1
225.7
214.1
206.6
212.3
214.5
210.5
214.9
214.1
214.5
216.5
216.9
240.2
243.3
242.5
240.9
250.9
236.3
247.8
236.5
244.6
238.7
306.6
307.4
310.7
310.7
321.9
321.9
332.1
333.0
310.5
314.9
322.5
331.0
275.9
289.5
302.4
316.5
310.3
330.4
306.3
299.0
305.2
261.3
246.1
244.5
242.0
288.1
290.4
311.2
272.6
282.7
349.4
304.4
270.5
268.2
276.3
282.9
274.6
279.1
296.6
277.8
277.8
283.8
324.1
315.0
287.7
259.2
249.8
243.4
218.2
239.7
197.1
269.7
301.4
307.6
312.4
296.9
365.5
377.0
401.1
417.1
426.8
436.8
416.1
400.0
372.4
384.7
373.3
399.7
403.2
414.0
389.3
358.5
494.7
429.3
527.4
547.3
534.2
563.2
568.6
600.3
604.3
649.5
636.3
528.2
485.4
465.1
421.7
427.2
349.5
410.7
405.1
497.4
486.0
448.6
408.9
356.3
332.4
303.1
300.3
316.1
299.2
279.4
334.2
343.2
390.1
304.8
299.2
562.9
646.2
619.8
497.5
515.1
472.2
321.5
269.3
264.1
275.9
226.3
225.1
254.4
133.1
72.6
44.8
40.9
43.1
43.8
38.2
33.6
33.3