0.143339
0.139749
0.148375
0.140265
0.163150
0.176041
0.187361
0.196472
0.189623
0.185273
0.250883
0.230769
0.267665
0.289322
0.215689
0.215955
0.236281
0.231164
0.240056
0.191003
0.235432
0.241456
0.197350
0.164236
0.163642
0.154572
0.178277
0.185170
0.192504
0.225128
0.214563
0.249589
0.175639
0.181822
0.157266
0.167649
0.168976
0.169460
0.167380
0.175947
0.192274
0.206701
0.246577
0.271794
0.252946
0.308015
0.353498
0.396427
0.341000
0.394794
0.324226
0.320086
0.398364
0.453147
0.421638
0.430151
0.363953
0.218925
0.159457
0.137423
0.144048
0.111392
0.109529
0.128195
0.109916
0.105397
0.095399
0.101281
0.112591
0.102765
0.105198
0.108115
0.131284
0.134242
0.112298
0.113500
0.121851
0.123760
0.136763
0.145895
0.160316
0.173884
0.153051
0.143055
0.160137
0.147730
0.162701
0.152326
0.185785
0.199157
0.161711
0.142572
0.178757
0.141959
0.086154
0.083564
0.081416
0.078722
0.080124
0.088775
0.080911
0.080584
0.089992
0.093474
0.097144
0.098411
0.086119
0.078812
0.080271
0.078567
0.069090
0.069016
0.061203
0.059846
0.061425
0.062072
0.061516
0.062131
0.063377
0.063475
0.062890
0.063792
0.076701
0.075703
0.080109
0.070481
0.071951
0.065734
0.068503
0.066708
0.062193
0.061765
0.072708
0.072608
0.073629
0.071665
0.076741
0.081576
0.080270
0.088890
0.081359
0.081822
0.074055
0.072959
0.066185
0.074660
0.080742
0.088822
0.082250
0.095672
0.087772
0.084605
0.087368
0.072156
0.070144
0.077529
0.079213
0.096385
0.099595
0.088904
0.084529
0.088070
0.124469
0.121873
0.059691
0.058568
0.061642
0.060579
0.063106
0.062204
0.064670
0.062648
0.063352
0.069172
0.072524
0.068618
0.069598
0.068040
0.064362
0.069464
0.066623
0.068507
0.052871
0.069803
0.081835
0.081798
0.084427
0.089386
0.127464
0.127465
0.133795
0.143530
0.144170
0.138704
0.136101
0.123535
0.114710
0.123119
0.127596
0.140908
0.144303
0.146924
0.142947
0.133266
0.184686
0.150862
0.173115
0.190539
0.172349
0.168723
0.178945
0.205067
0.233070
0.261325
0.261630
0.268515
0.251078
0.237018
0.246595
0.218634
0.208383
0.241378
0.240969
0.299222
0.271453
0.298471
0.291495
0.261285
0.206627
0.194135
0.186148
0.213355
0.246818
0.244672
0.281223
0.309604
0.371083
0.302128
0.341484
0.507448
0.634394
0.390642
0.270017
0.281909
0.063688
0.055554
0.054426
0.058827
0.062694
0.050935
0.050076
0.054135
0.066249
0.057465
0.028197
0.008571
0.009235
0.010158
0.010489
0.004508
0.003925